0.19754541934235
0.391480918799061
0.101271378237288
0.360839817102533
0.282381082244683
0.0804820820107125
0.382421685766894
0.312590770737734
0.147097129537724
0.165255078242626
0.207471858849749
0.389957710530143
0.192687911784742
0.439615768124349
0.393872337276116
0.0827981912880205
0.271677984495182
0.335822914808523
0.0881860421854071
0.31276446483098
0.123325052496511
0.412227204232477
0.180329999618698
0.082298060937319
0.296737447683699
0.354448972793762
0.253353236336261
0.420856258401182
0.090845569036901
0.104995519842487
0.305382890882902
0.0723694629850797
0.302729166089557
0.484780507872347
0.279475405090489
0.365421614213847
0.0591572302626446
0.402606065594591
0.312978478183504
0.192781768355053
0.498293710011058
0.288970996229909
0.0994587288121693
0.33494520559907
0.409068134287372
0.370845401263796
0.366275736433454
0.303274736308958
0.166492676304188
0.27812184591312
0.377059680887032
0.356925152009353
0.0667510241502896
0.283146744477563
0.334024538297672
0.358394924493041
0.370666829007678
0.296954423305579
0.450025163881946
0.267638323327992
0.237320003274363
0.0604425688157789
0.391036179417279
0.480972816818394
0.157981236372143
0.45670985665638
0.194410256366245
0.466372207435779
0.0674065682920627
0.402951221785042
0.308780006878078
0.370542471110821
0.210701809835155
0.239041665883269
0.43469660904957
0.11510265924735
0.153121262753848
0.138049183157273
0.0899471611366607
0.123056619637646
0.186112009198405
0.129403562366497
0.464443748502526
0.0784051996888593
0.30810553021729
0.109466704330407
0.267158832889982
0.173186627414543
0.23653743484756
0.246289816172793
0.467767547781114
0.421185576880816
0.31587106542429
0.0550173615571111
0.294283793261275
0.333286941819824
0.0878386144991964
0.389131357346196
0.124914434843231
0.232321799185593
