0.319715563300997
0.253256817418151
0.111571439402178
0.376780460414011
0.344548968027811
0.430804635025561
0.121798272384331
0.365398559160531
0.293025774683338
0.185355128371157
0.423444761091378
0.373137669789139
0.0665154509712011
0.318120207067113
0.330064789776225
0.0897596468566917
0.497603818716016
0.156183306616731
0.137598667701241
0.0598211543168873
0.368039590818807
0.185298659070395
0.206331904197577
0.338469310256187
0.451250127796084
0.497490846901201
0.447875861392822
0.374929188855458
0.189516423735768
0.0931924208300188
0.222911863552872
0.290812672185712
0.177419280121103
0.0714571067597717
0.476284469792154
0.189637531863991
0.126185846759472
0.427331106038764
0.282400956994388
0.117644180846401
0.0801618361030705
0.278720714244992
0.385556335456204
0.320148657809477
0.325558946328238
0.225401422486175
0.462903483270202
0.335832257696893
0.246514586545527
0.431835354620125
0.195092778815888
0.302593940950464
0.305096301354934
0.329115990188438
0.463354879035614
0.0807508349535055
0.395070642337669
0.313077459868509
0.334049619780853
0.442341591324657
0.445484242693055
0.167458025435917
0.319063980551437
0.437871833331883
0.212052076181863
0.470767140598036
0.462534425139893
0.460683203767985
0.346935036440846
0.184269178635441
0.252972694160417
0.39390985876089
0.263118933571968
0.452573054155801
0.0545464668655768
0.293252154695801
0.116536919702776
0.483842930919491
0.491089517564978
0.462814897554927
0.489050821098499
0.245397067209706
0.0623147704056464
0.208993659797125
0.355102045112289
0.148633373971097
0.246269915124867
0.292332450160757
0.256325332843699
0.401193147874437
0.356022626184858
0.230728522187565
0.352152537624352
0.298324107797816
0.408344559371471
0.435604914510623
0.207211798254866
0.131511624844279
0.490213928453159
0.38879851270467
0.0884458540473133
0.199250036198646
0.304136335081421
0.274499391042627
0.25471653098939
0.205008470732719
0.412267109530512
0.298686848697253
0.298034967866261
0.368979118554853
0.309429165790789
0.335212489718106
0.34322223754134
0.299506601446774
0.0558299949276261
0.247667534300126
0.431477288203314
0.110865710710641
0.448519551637583
0.41836604148848
0.39808449203847
0.220020042837132
0.223775819526054
0.211609431752004
0.234514178161044
0.315922802092973
0.251647950604092
0.428495237033349
0.484342854551505
0.326627020398155
0.189791445503943
0.145287107210606
0.325941749522462
0.323169764771592
0.0803148375824094
0.150111942528747
0.476438852399588
0.218503357679583
0.317051090917084
0.423474896757398
0.37191988088889
0.474757702462375
0.218136779335327
0.0540909202769399
0.354474110121373
0.452008886274416
0.435742987610865
0.378397756698541
0.332246991549619
0.403290383762214
0.162833947595209
0.410382808034774
0.141006675455719
0.271311834361404
0.0910074835177511
0.293272165232338
0.314740497141611
0.19625068079913
0.162338608654682
0.385873763263226
0.187136054388247
0.141758333728649
0.403997421287931
0.242768459941726
0.432796276430599
0.0586418332182802
0.307317236531526
0.415776471048593
0.273687550914474
0.30607001594035
0.186676671297755
0.111173165938817
0.440821520925965
0.20575638061855
0.0810149489319883
0.296231683855876
0.0869694020249881
0.156264599552378
0.292365896468982
0.3471216365695
0.320689997368027
0.409472666308284
0.359816879790742
0.441122483846266
0.143605530320201
0.287527370569296
0.41683123979019
0.198335577268153
0.103314821689855
0.352387263602577
0.21289881960256
0.210139411583077
0.450223881518468
0.135196425672621
0.48006651798496
0.118990115739871
0.280983202287462
0.472272872389294
0.392682674794924
0.095526348776184
