0.126693370577414
0.248370117892046
0.404324536584318
0.0743523457203992
0.293115753890015
0.394451596040744
0.459181861369871
0.410477886686567
0.269828127487563
0.345021696155891
0.0654357828432694
0.379736319708172
0.12155294707045
0.190595292334911
0.329801888973452
0.0895900963572785
0.298463202547282
0.176720438839402
0.113140849140473
0.0538376857992262
0.308184307219926
0.443405490368605
0.420038450148422
0.0829843019135296
0.489678158669267
0.491434630064759
0.22229637830751
0.325310185900889
0.199961952934973
0.479516503051855
0.2209247761406
0.136303693102673
0.3463371981401
0.450805173313711
0.355410303117242
0.158787099365145
0.169631755410228
0.419258219853509
0.27555706736166
0.337949507473968
0.338553724926896
0.408948690490797
0.14973977355985
0.329374399443623
0.243315859721042
0.0659981752280146
0.143151051795576
0.0559667214751244
0.0935216590529308
0.348270903306548
0.101885793113615
0.155148018989712
0.487219120759983
0.374133170617279
0.450215939350892
0.403801586711779
0.316242036723997
0.438327148579992
0.241686458291952
0.350800242647529
0.479259704693686
0.180884205503389
0.431506918859668
0.35939256438287
0.469718268420547
0.164038014167454
0.440151840599719
0.402116076194216
0.361442311655264
0.277063210285269
0.283698240178637
0.383912249875721
0.185709060938098
0.260190910683014
0.407582270225976
0.107320032082498
0.43917383615626
0.361234694952145
0.206525105703622
0.487351256120019
0.211472312826663
0.314800582290627
0.105180907109752
0.226940707874019
0.15728590846993
0.13714229821926
0.336399995430838
0.101418027700856
0.349449701688718
0.128955322492402
0.478232560295146
0.483574345929082
0.373813906335272
0.473156951321289
0.300667424732819
0.411783233471215
0.335441645188257
0.466836503578816
0.129109893273562
0.31513458667323
0.419345565047115
0.144213307148311
0.395344246726017
0.351948750822339
0.070816530182492
0.389120357460342
0.233502490620594
0.217638115817681
0.164651866303757
0.225503627746366
0.261324741516728
0.0887400114908815
0.302882850798778
0.123144364333712
0.258054956269916
0.397589864826296
0.424141565570608
0.431121348380111
0.168293327663559
0.176762768498156
0.243276923266239
0.379205423896201
0.404960610193666
0.070665818429552
0.250143669091631
0.0553196442080662
0.058807898836676
0.375534435606096
0.156438360072207
0.422163924144115
0.0731918851612136
0.186632712825667
0.266952935839072
0.318828504078556
0.188079765217844
0.330638157844078
0.204061643930618
0.482019037485588
0.194333436747547
0.0911401693592779
0.0788812715676613
0.487358337047044
0.145730374415871
0.40722717079334
0.07204877367476
0.0581026784027927
0.388702172471676
0.382906970195472
0.461214515322354
0.40067348695593
0.277233688766137
0.124012987141032
0.0795147578930482
0.210207387350965
0.362922516255639
0.0701336342142895
0.410293900244869
0.334406697028317
0.18487445639912
0.0697659213794395
0.137881611310877
0.359353686810937
0.141624731116463
0.19534036682453
0.489814933831804
0.400584022502881
0.061840220366139
0.323625738732517
0.171483056095894
0.347632009082008
0.334407952532638
0.43651832077885
0.343803584342822
0.190557280089706
0.130895699653775
0.175370116857812
0.492020475119352
0.321738738368731
0.129146069881972
0.410226302605588
0.145174282812513
0.0886443650699221
0.394536517187953
0.397349809319712
0.268485958059318
0.0686614236445166
0.392410682770424
0.489968329994008
0.266139215650037
0.079452914535068
0.294815575354733
0.265515568736009
0.358839661884122
0.13587803900009
0.356151960522402
0.050311840325594
0.294891537190415
0.0844751694472507
0.113875980605371
0.155648477596696
0.375721398880705
0.480951573408674
0.254458306659944
0.367692420666572
0.373613047751132
0.195260927441996
0.418919244059362
0.0929649362922646
0.211727747973055
0.418567146605346
0.377098217105959
0.401178558229003
0.170176913868636
0.0951418478274718
0.316416416980792
0.479103773320094
0.0659501078422181
0.400692767743021
0.434525862033479
0.228601572033949
0.166360177588649
0.495698838331737
0.0907537802821025
0.208723623375408
0.212207447749097
0.34029995353194
0.491496647975873
0.071671753260307
0.486562107584905
0.287766648025718
0.298365559242666
0.380928573245183
0.30374864670448
0.359214213304222
0.396666652674321
0.388288751232903
0.479290431493428
0.420347325270995
0.326527699455619
0.487405448267236
0.0868790029897355
0.485182361875195
0.394175191468094
0.365704315167386
0.412430039688479
0.0536319136386737
0.194974390615243
0.132361607661005
0.23629950635368
0.24388440012699
0.158344972936902
0.126520754187368
0.233372283831704
0.128254711581394
0.199875503662042
0.0957439058925957
0.175832644628827
0.171908765728585
0.423039566271473
0.401331375411246
0.35369018696947
0.358566942519974
0.434912936855108
0.321804662561044
0.14139335276559
0.131001067196485
0.240610283112619
0.314697720203549
0.43949310798198
0.248360295349266
0.483172213647049
0.19928425992839
0.478955080767628
0.23835786456475
0.0998917640186846
0.0648140874458477
0.49059212411521
0.402708332566544
0.224426420545206
0.0707322157802992
0.115574077283964
0.0567365805269219
0.188663491222542
0.445264078909531
0.18858521723887
0.49544147105189
0.0669150973903015
0.231082146405242
0.0817315760883503
0.38702869375702
0.241601774981245
0.110325705760624
0.220974672457669
0.223275812075008
0.28671940099448
0.497597697621677
0.218051994394045
0.340551657788455
0.192421415355057
0.408944975107443
0.380872886290308
0.157351869228296
0.115609411615878
0.238386631780304
0.283214709558524
0.0623873594682664
0.253185207152273
0.207750117499381
0.431642724131234
0.146560721786227
0.180910905532073
0.315796213457361
0.0675666500697844
0.47421112190932
0.112516466085799
0.422002604464069
0.136546355381142
0.196579320239834
0.125794134859461
0.183987718308344
0.276782969210763
0.37440017038025
0.455980993178673
0.35082505706232
0.0517611585557461
0.435954731458332
0.301241214934271
0.485181902127806
0.279350610810798
0.180152344866656
0.225294051773381
0.200003312702756
0.172769235668238
0.148501621664036
0.255004175694194
0.344902605656534
0.102355984144378
0.295165638416074
0.458374671940692
0.0634168786695227
0.196580929355696
0.384375875990372
0.389192868466489
0.176000803837087
0.463098630844615
0.426007831515744
0.0830755409202538
0.163999813958071
0.378648474719375
0.1841753397719
0.416766492940951
0.454348228406161
0.375571815960575
0.26975424363045
0.29488448004704
0.409674480324611
0.475598095858004
0.0964710799977183
0.194710343377665
0.217964885465335
0.0656417294521816
0.421381480712444
0.492376589495689
0.163958529313095
0.354882193030789
0.268817229103297
0.1582772494643
0.168417729984503
0.411801792262122
0.180160641064867
0.186155243264511
0.408592144970316
0.373662169789895
0.24303803818766
0.262396642658859
0.190370876516681
0.43029944493901
0.341985849617049
0.411815831216518
0.169430945231579
0.186243353621103
0.089145019708667
0.154458169394638
0.072837355278898
0.427504860796034
0.100881900638342
0.244340390223078
0.285794638714287
0.416488868696615
0.147273897903506
0.379576075845398
0.430088248220272
0.34419180706609
0.442081869044341
0.389831799047533
0.180584586306941
0.137298279884271
0.0942783860722557
0.203681354783475
0.0633227097685449
